# Flipper Zero Frequency Hopper Configuration
# Total frequencies: 1217

108000000
108100000
108200000
108300000
108400000
108500000
108600000
108700000
108800000
108900000
109000000
109100000
109200000
109300000
109400000
109500000
109600000
109700000
109800000
109900000
110000000
110100000
110200000
110300000
110400000
110500000
110600000
110700000
110800000
110900000
111000000
111100000
111200000
111300000
111400000
111500000
111600000
111700000
111800000
111900000
112000000
112100000
112200000
112300000
112400000
112500000
112600000
112700000
112800000
112900000
113000000
113100000
113200000
113300000
113400000
113500000
113600000
113700000
113800000
113900000
114000000
114100000
114200000
114300000
114400000
114500000
114600000
114700000
114800000
114900000
115000000
115100000
115200000
115300000
115400000
115500000
115600000
115700000
115800000
115900000
116000000
116100000
116200000
116300000
116400000
116500000
116600000
116700000
116800000
116900000
117000000
117100000
117200000
117300000
117400000
117500000
117600000
117700000
117800000
117900000
118000000
118025000
118050000
118075000
118100000
118125000
118150000
118175000
118200000
118225000
118250000
118275000
118300000
118325000
118350000
118375000
118400000
118425000
118450000
118475000
118500000
118525000
118550000
118575000
118600000
118625000
118650000
118675000
118700000
118725000
118750000
118775000
118800000
118825000
118850000
118875000
118900000
118925000
118950000
118975000
119000000
119025000
119050000
119075000
119100000
119125000
119150000
119175000
119200000
119225000
119250000
119275000
119300000
119325000
119350000
119375000
119400000
119425000
119450000
119475000
119500000
119525000
119550000
119575000
119600000
119625000
119650000
119675000
119700000
119725000
119750000
119775000
119800000
119825000
119850000
119875000
119900000
119925000
119950000
119975000
120000000
120025000
120050000
120075000
120100000
120125000
120150000
120175000
120200000
120225000
120250000
120275000
120300000
120325000
120350000
120375000
120400000
120425000
120450000
120475000
120500000
120525000
120550000
120575000
120600000
120625000
120650000
120675000
120700000
120725000
120750000
120775000
120800000
120825000
120850000
120875000
120900000
120925000
120950000
120975000
121000000
121025000
121050000
121075000
121100000
121125000
121150000
121175000
121200000
121225000
121250000
121275000
121300000
121325000
121350000
121375000
121400000
121425000
121450000
121475000
121500000
121525000
121550000
121575000
121600000
121625000
121650000
121675000
121700000
121725000
121750000
121775000
121800000
121825000
121850000
121875000
121900000
121925000
121950000
121975000
122000000
122025000
122050000
122075000
122100000
122125000
122150000
122175000
122200000
122225000
122250000
122275000
122300000
122325000
122350000
122375000
122400000
122425000
122450000
122475000
122500000
122525000
122550000
122575000
122600000
122625000
122650000
122675000
122700000
122725000
122750000
122775000
122800000
122825000
122850000
122875000
122900000
122925000
122950000
122975000
123000000
123025000
123050000
123075000
123100000
123125000
123150000
123175000
123200000
123225000
123250000
123275000
123300000
123325000
123350000
123375000
123400000
123425000
123450000
123475000
123500000
123525000
123550000
123575000
123600000
123625000
123650000
123675000
123700000
123725000
123750000
123775000
123800000
123825000
123850000
123875000
123900000
123925000
123950000
123975000
124000000
124025000
124050000
124075000
124100000
124125000
124150000
124175000
124200000
124225000
124250000
124275000
124300000
124325000
124350000
124375000
124400000
124425000
124450000
124475000
124500000
124525000
124550000
124575000
124600000
124625000
124650000
124675000
124700000
124725000
124750000
124775000
124800000
124825000
124850000
124875000
124900000
124925000
124950000
124975000
125000000
125025000
125050000
125075000
125100000
125125000
125150000
125175000
125200000
125225000
125250000
125275000
125300000
125325000
125350000
125375000
125400000
125425000
125450000
125475000
125500000
125525000
125550000
125575000
125600000
125625000
125650000
125675000
125700000
125725000
125750000
125775000
125800000
125825000
125850000
125875000
125900000
125925000
125950000
125975000
126000000
126025000
126050000
126075000
126100000
126125000
126150000
126175000
126200000
126225000
126250000
126275000
126300000
126325000
126350000
126375000
126400000
126425000
126450000
126475000
126500000
126525000
126550000
126575000
126600000
126625000
126650000
126675000
126700000
126725000
126750000
126775000
126800000
126825000
126850000
126875000
126900000
126925000
126950000
126975000
127000000
127025000
127050000
127075000
127100000
127125000
127150000
127175000
127200000
127225000
127250000
127275000
127300000
127325000
127350000
127375000
127400000
127425000
127450000
127475000
127500000
127525000
127550000
127575000
127600000
127625000
127650000
127675000
127700000
127725000
127750000
127775000
127800000
127825000
127850000
127875000
127900000
127925000
127950000
127975000
128000000
128025000
128050000
128075000
128100000
128125000
128150000
128175000
128200000
128225000
128250000
128275000
128300000
128325000
128350000
128375000
128400000
128425000
128450000
128475000
128500000
128525000
128550000
128575000
128600000
128625000
128650000
128675000
128700000
128725000
128750000
128775000
128800000
128825000
128850000
128875000
128900000
128925000
128950000
128975000
129000000
129025000
129050000
129075000
129100000
129125000
129150000
129175000
129200000
129225000
129250000
129275000
129300000
129325000
129350000
129375000
129400000
129425000
129450000
129475000
129500000
129525000
129550000
129575000
129600000
129625000
129650000
129675000
129700000
129725000
129750000
129775000
129800000
129825000
129850000
129875000
129900000
129925000
129950000
129975000
130000000
130025000
130050000
130075000
130100000
130125000
130150000
130175000
130200000
130225000
130250000
130275000
130300000
130325000
130350000
130375000
130400000
130425000
130450000
130475000
130500000
130525000
130550000
130575000
130600000
130625000
130650000
130675000
130700000
130725000
130750000
130775000
130800000
130825000
130850000
130875000
130900000
130925000
130950000
130975000
131000000
131025000
131050000
131075000
131100000
131125000
131150000
131175000
131200000
131225000
131250000
131275000
131300000
131325000
131350000
131375000
131400000
131425000
131450000
131475000
131500000
131525000
131550000
131575000
131600000
131625000
131650000
131675000
131700000
131725000
131750000
131775000
131800000
131825000
131850000
131875000
131900000
131925000
131950000
131975000
132000000
132025000
132050000
132075000
132100000
132125000
132150000
132175000
132200000
132225000
132250000
132275000
132300000
132325000
132350000
132375000
132400000
132425000
132450000
132475000
132500000
132525000
132550000
132575000
132600000
132625000
132650000
132675000
132700000
132725000
132750000
132775000
132800000
132825000
132850000
132875000
132900000
132925000
132950000
132975000
133000000
133025000
133050000
133075000
133100000
133125000
133150000
133175000
133200000
133225000
133250000
133275000
133300000
133325000
133350000
133375000
133400000
133425000
133450000
133475000
133500000
133525000
133550000
133575000
133600000
133625000
133650000
133675000
133700000
133725000
133750000
133775000
133800000
133825000
133850000
133875000
133900000
133925000
133950000
133975000
134000000
134025000
134050000
134075000
134100000
134125000
134150000
134175000
134200000
134225000
134250000
134275000
134300000
134325000
134350000
134375000
134400000
134425000
134450000
134475000
134500000
134525000
134550000
134575000
134600000
134625000
134650000
134675000
134700000
134725000
134750000
134775000
134800000
134825000
134850000
134875000
134900000
134925000
134950000
134975000
135000000
135025000
135050000
135075000
135100000
135125000
135150000
135175000
135200000
135225000
135250000
135275000
135300000
135325000
135350000
135375000
135400000
135425000
135450000
135475000
135500000
135525000
135550000
135575000
135600000
135625000
135650000
135675000
135700000
135725000
135750000
135775000
135800000
135825000
135850000
135875000
135900000
135925000
135950000
135975000
136000000
136025000
136050000
136075000
136100000
136125000
136150000
136175000
136200000
136225000
136250000
136275000
136300000
136325000
136350000
136375000
136400000
136425000
136450000
136475000
136500000
136525000
136550000
136575000
136600000
136625000
136650000
136675000
136700000
136725000
136750000
136775000
136800000
136825000
136850000
136875000
136900000
136925000
136950000
136975000
138000000
139000000
140000000
141000000
142000000
143000000
144000000
145000000
146000000
147000000
148000000
149000000
150000000
151000000
152000000
153000000
154000000
155000000
156000000
156025000
156050000
156075000
156100000
156125000
156150000
156175000
156200000
156225000
156250000
156275000
156300000
156325000
156350000
156375000
156400000
156425000
156450000
156475000
156500000
156525000
156550000
156575000
156600000
156625000
156650000
156675000
156700000
156725000
156750000
156775000
156800000
156825000
156850000
156875000
156900000
156925000
156950000
156975000
157000000
157025000
157050000
157075000
157100000
157125000
157150000
157175000
157200000
157225000
157250000
157275000
157300000
157325000
157350000
157375000
157400000
157425000
157450000
157475000
157500000
157525000
157550000
157575000
157600000
157625000
157650000
157675000
157700000
157725000
157750000
157775000
157800000
157825000
157850000
157875000
157900000
157925000
157950000
157975000
158000000
158025000
158050000
158075000
158100000
158125000
158150000
158175000
158200000
158225000
158250000
158275000
158300000
158325000
158350000
158375000
158400000
158425000
158450000
158475000
158500000
158525000
158550000
158575000
158600000
158625000
158650000
158675000
158700000
158725000
158750000
158775000
158800000
158825000
158850000
158875000
158900000
158925000
158950000
158975000
159000000
159025000
159050000
159075000
159100000
159125000
159150000
159175000
159200000
159225000
159250000
159275000
159300000
159325000
159350000
159375000
159400000
159425000
159450000
159475000
159500000
159525000
159550000
159575000
159600000
159625000
159650000
159675000
159700000
159725000
159750000
159775000
159800000
159825000
159850000
159875000
159900000
159925000
159950000
159975000
160000000
160025000
160050000
160075000
160100000
160125000
160150000
160175000
160200000
160225000
160250000
160275000
160300000
160325000
160350000
160375000
160400000
160425000
160450000
160475000
160500000
160525000
160550000
160575000
160600000
160625000
160650000
160675000
160700000
160725000
160750000
160775000
160800000
160825000
160850000
160875000
160900000
160925000
160950000
160975000
161000000
161025000
161050000
161075000
161100000
161125000
161150000
161175000
161200000
161225000
161250000
161275000
161300000
161325000
161350000
161375000
161400000
161425000
161450000
161475000
161500000
161525000
161550000
161575000
161600000
161625000
161650000
161675000
161700000
161725000
161750000
161775000
161800000
161825000
161850000
161875000
161900000
161925000
161950000
161975000
162000000
162025000
162050000
162075000
162100000
162125000
162150000
162175000
162200000
162225000
162250000
162275000
162300000
162325000
162350000
162375000
162400000
162425000
162450000
162475000
163000000
164000000
165000000
166000000
167000000
168000000
169000000
170000000
171000000
172000000
173000000
174000000
300000000
310000000
312000000
313000000
314000000
315000000
315500000
318000000
319500000
345000000
390000000
433920000
434000000
434420000
450000000
451000000
452000000
453000000
454000000
455000000
456000000
457000000
458000000
459000000
460000000
461000000
462000000
463000000
464000000
465000000
466000000
467000000
468000000
469000000
470000000
868000000
868350000
868420000
869850000
902000000
903000000
904000000
905000000
906000000
907000000
908000000
908420000
909000000
910000000
911000000
912000000
913000000
914000000
915000000
916000000
917000000
918000000
919000000
920000000
921000000
922000000
923000000
924000000
925000000
926000000
927000000
928000000
