# Flipper Zero Frequency Hopper Configuration
# Total frequencies: 260

156000000
156025000
156050000
156075000
156100000
156125000
156150000
156175000
156200000
156225000
156250000
156275000
156300000
156325000
156350000
156375000
156400000
156425000
156450000
156475000
156500000
156525000
156550000
156575000
156600000
156625000
156650000
156675000
156700000
156725000
156750000
156775000
156800000
156825000
156850000
156875000
156900000
156925000
156950000
156975000
157000000
157025000
157050000
157075000
157100000
157125000
157150000
157175000
157200000
157225000
157250000
157275000
157300000
157325000
157350000
157375000
157400000
157425000
157450000
157475000
157500000
157525000
157550000
157575000
157600000
157625000
157650000
157675000
157700000
157725000
157750000
157775000
157800000
157825000
157850000
157875000
157900000
157925000
157950000
157975000
158000000
158025000
158050000
158075000
158100000
158125000
158150000
158175000
158200000
158225000
158250000
158275000
158300000
158325000
158350000
158375000
158400000
158425000
158450000
158475000
158500000
158525000
158550000
158575000
158600000
158625000
158650000
158675000
158700000
158725000
158750000
158775000
158800000
158825000
158850000
158875000
158900000
158925000
158950000
158975000
159000000
159025000
159050000
159075000
159100000
159125000
159150000
159175000
159200000
159225000
159250000
159275000
159300000
159325000
159350000
159375000
159400000
159425000
159450000
159475000
159500000
159525000
159550000
159575000
159600000
159625000
159650000
159675000
159700000
159725000
159750000
159775000
159800000
159825000
159850000
159875000
159900000
159925000
159950000
159975000
160000000
160025000
160050000
160075000
160100000
160125000
160150000
160175000
160200000
160225000
160250000
160275000
160300000
160325000
160350000
160375000
160400000
160425000
160450000
160475000
160500000
160525000
160550000
160575000
160600000
160625000
160650000
160675000
160700000
160725000
160750000
160775000
160800000
160825000
160850000
160875000
160900000
160925000
160950000
160975000
161000000
161025000
161050000
161075000
161100000
161125000
161150000
161175000
161200000
161225000
161250000
161275000
161300000
161325000
161350000
161375000
161400000
161425000
161450000
161475000
161500000
161525000
161550000
161575000
161600000
161625000
161650000
161675000
161700000
161725000
161750000
161775000
161800000
161825000
161850000
161875000
161900000
161925000
161950000
161975000
162000000
162025000
162050000
162075000
162100000
162125000
162150000
162175000
162200000
162225000
162250000
162275000
162300000
162325000
162350000
162375000
162400000
162425000
162450000
162475000
