# Flipper Zero Frequency Hopper Configuration
# Total frequencies: 100

108000000
108100000
108200000
108300000
108400000
108500000
108600000
108700000
108800000
108900000
109000000
109100000
109200000
109300000
109400000
109500000
109600000
109700000
109800000
109900000
110000000
110100000
110200000
110300000
110400000
110500000
110600000
110700000
110800000
110900000
111000000
111100000
111200000
111300000
111400000
111500000
111600000
111700000
111800000
111900000
112000000
112100000
112200000
112300000
112400000
112500000
112600000
112700000
112800000
112900000
113000000
113100000
113200000
113300000
113400000
113500000
113600000
113700000
113800000
113900000
114000000
114100000
114200000
114300000
114400000
114500000
114600000
114700000
114800000
114900000
115000000
115100000
115200000
115300000
115400000
115500000
115600000
115700000
115800000
115900000
116000000
116100000
116200000
116300000
116400000
116500000
116600000
116700000
116800000
116900000
117000000
117100000
117200000
117300000
117400000
117500000
117600000
117700000
117800000
117900000
